b8 8e 3e aa 69
89 e5
83 c5 28
68 be 8d 04 08
c3

61 61 61 61 61 61 61 61 
61 61 61 61 61 61 61 61 
61 61 61 61 61 61 61 61 
61 61 61 61 61 61 61 61 
61 61 61 61 61 61 61 61 
61 61 61 61 61 61 61 61 
61 61 61 61 61 61 61 61 
61 61 61 61 61 61 61 61 
61 61 61 61 61 61 61 61 
61 61 61 61 61 61 61 61 
61 61 61 61 61 61 61 61 
61 61 61 61 61 61 61 61 
61 61 61 61 61 61 61 61 
61 61 61 61 61 61 61 61 
61 61 61 61 61 61 61 61 
61 61 61 61 61 61 61 61 
61 61 61 61 61 61 61 61 
61 61 61 61 61 61 61 61 
61 61 61 61 61 61 61 61 
61 61 61 61 61 61 61 61 
61 61 61 61 61 61 61 61 
61 61 61 61 61 61 61 61 
61 61 61 61 61 61 61 61 
61 61 61 61 61 61 61 61 
61 61 61 61 61 61 61 61 
61 61 61 61 61 61 61 61 
61 61 61 61 61 61 61 61 
61 61 61 61 61 61 61 61 
61 61 61 61 61 61 61 61 
61 61 61 61 61 61 61 61 
61 61 61 61 61 61 61 61 
61 61 61 61 61 61 61 61 
61 61 61 61 61 61 61 61 
61 61 61 61 61 61 61 61 
61 61 61 61 61 61 61 61 
61 61 61 61 61 61 61 61 
61 61 61 61 61 61 61 61 
61 61 61 61 61 61 61 61 
61 61 61 61 61 61 61 61 
61 61 61 61 61 61 61 61 
61 61 61 61 61 61 61 61 
61 61 61 61 61 61 61 61 
61 61 61 61 61 61 61 61 
61 61 61 61 61 61 61 61 
61 61 61 61 61 61 61 61 
61 61 61 61 61 61 61 61 
61 61 61 61 61 61 61 61 
61 61 61 61 61 61 61 61 
61 61 61 61 61 61 61 61 
61 61 61 61 61 61 61 61 
61 61 61 61 61 61 61 61 
61 61 61 61 61 61 61 61 
61 61 61 61 61 61 61 61 
61 61 61 61 61 61 61 61 
61 61 61 61 61 61 61 61 
61 61 61 61 61 61 61 61 
61 61 61 61 61 61 61 61 
61 61 61 61 61 61 61 61 
61 61 61 61 61 61 61 61 
61 61 61 61 61 61 61 61 
61 61 61 61 61 61 61 61 
61 61 61 61 61 61 61 61 
61 61 61 61 61 61 61 61

62 62 62 62
48 3b 68 55
